frame, face_id, timestamp, confidence, success, AU01_r, AU02_r, AU04_r, AU05_r, AU06_r, AU07_r, AU09_r, AU10_r, AU12_r, AU14_r, AU15_r, AU17_r, AU20_r, AU23_r, AU25_r, AU26_r, AU45_r, AU01_c, AU02_c, AU04_c, AU05_c, AU06_c, AU07_c, AU09_c, AU10_c, AU12_c, AU14_c, AU15_c, AU17_c, AU20_c, AU23_c, AU25_c, AU26_c, AU28_c, AU45_c
1, 0, 0.000, 0.98, 1, 0.00, 0.00, 0.05, 0.91, 0.00, 1.02, 0.00, 0.00, 1.00, 0.20, 0.00, 0.40, 0.00, 0.16, 0.00, 0.00, 0.00, 0.00, 0.00, 0.00, 1.00, 0.00, 0.00, 0.00, 0.00, 1.00, 0.00, 0.00, 1.00, 0.00, 1.00, 0.00, 0.00, 1.00, 0.00
2, 0, 0.033, 0.98, 1, 0.00, 0.00, 0.04, 1.04, 0.00, 1.16, 0.00, 0.00, 0.98, 0.31, 0.00, 0.38, 0.00, 0.08, 0.00, 0.00, 0.00, 0.00, 0.00, 0.00, 1.00, 0.00, 1.00, 0.00, 0.00, 1.00, 0.00, 0.00, 1.00, 0.00, 1.00, 0.00, 0.00, 0.00, 0.00
3, 0, 0.067, 0.98, 1, 0.00, 0.00, 0.09, 1.08, 0.00, 1.20, 0.00, 0.00, 0.93, 0.31, 0.00, 0.34, 0.00, 0.03, 0.00, 0.00, 0.00, 0.00, 0.00, 0.00, 1.00, 0.00, 1.00, 0.00, 0.00, 1.00, 0.00, 0.00, 0.00, 0.00, 1.00, 0.00, 0.00, 1.00, 0.00
4, 0, 0.100, 0.98, 1, 0.00, 0.00, 0.18, 1.10, 0.00, 1.22, 0.00, 0.00, 0.91, 0.25, 0.00, 0.32, 0.00, 0.03, 0.00, 0.00, 0.00, 0.00, 0.00, 0.00, 1.00, 0.00, 1.00, 0.00, 0.00, 1.00, 0.00, 0.00, 0.00, 0.00, 1.00, 0.00, 0.00, 1.00, 0.00
5, 0, 0.133, 0.98, 1, 0.00, 0.00, 0.16, 0.98, 0.00, 1.21, 0.00, 0.00, 0.89, 0.20, 0.00, 0.28, 0.00, 0.02, 0.00, 0.00, 0.00, 0.00, 0.00, 0.00, 1.00, 0.00, 1.00, 0.00, 0.00, 1.00, 0.00, 0.00, 0.00, 0.00, 1.00, 0.00, 0.00, 1.00, 0.00
6, 0, 0.167, 0.98, 1, 0.00, 0.00, 0.10, 0.93, 0.00, 1.10, 0.00, 0.00, 0.90, 0.22, 0.00, 0.27, 0.00, 0.02, 0.00, 0.00, 0.00, 0.00, 0.00, 0.00, 1.00, 0.00, 1.00, 0.00, 0.00, 1.00, 0.00, 0.00, 0.00, 0.00, 1.00, 0.00, 0.00, 1.00, 0.00
7, 0, 0.200, 0.98, 1, 0.00, 0.00, 0.01, 0.97, 0.00, 1.10, 0.00, 0.00, 0.91, 0.30, 0.00, 0.21, 0.00, 0.03, 0.00, 0.00, 0.00, 0.00, 0.00, 0.00, 1.00, 0.00, 1.00, 0.00, 0.00, 1.00, 0.00, 0.00, 0.00, 0.00, 0.00, 0.00, 0.00, 1.00, 0.00
8, 0, 0.234, 0.98, 1, 0.00, 0.00, 0.01, 1.01, 0.00, 1.27, 0.00, 0.00, 0.92, 0.37, 0.00, 0.27, 0.00, 0.03, 0.00, 0.00, 0.00, 0.00, 0.00, 0.00, 0.00, 0.00, 1.00, 0.00, 0.00, 1.00, 0.00, 0.00, 0.00, 0.00, 0.00, 0.00, 0.00, 1.00, 0.00
9, 0, 0.267, 0.98, 1, 0.00, 0.00, 0.00, 1.06, 0.02, 1.56, 0.00, 0.00, 0.95, 0.44, 0.00, 0.20, 0.00, 0.03, 0.00, 0.04, 0.00, 0.00, 0.00, 0.00, 0.00, 0.00, 1.00, 0.00, 0.00, 1.00, 0.00, 0.00, 0.00, 0.00, 0.00, 0.00, 0.00, 0.00, 0.00
10, 0, 0.300, 0.98, 1, 0.00, 0.00, 0.00, 0.97, 0.06, 1.74, 0.00, 0.00, 0.96, 0.40, 0.00, 0.15, 0.00, 0.00, 0.00, 0.12, 0.00, 0.00, 0.00, 0.00, 0.00, 0.00, 1.00, 0.00, 0.00, 1.00, 0.00, 0.00, 0.00, 0.00, 0.00, 0.00, 0.00, 0.00, 0.00
11, 0, 0.334, 0.98, 1, 0.00, 0.00, 0.00, 0.77, 0.09, 1.80, 0.00, 0.00, 1.00, 0.47, 0.00, 0.02, 0.00, 0.00, 0.11, 0.39, 0.00, 0.00, 0.00, 0.00, 0.00, 0.00, 1.00, 0.00, 0.00, 1.00, 0.00, 0.00, 0.00, 0.00, 0.00, 0.00, 0.00, 0.00, 0.00
12, 0, 0.367, 0.98, 1, 0.00, 0.00, 0.00, 0.54, 0.14, 1.82, 0.00, 0.00, 1.05, 0.43, 0.00, 0.00, 0.00, 0.00, 0.28, 0.72, 0.00, 0.00, 0.00, 0.00, 0.00, 1.00, 1.00, 0.00, 0.00, 1.00, 0.00, 0.00, 0.00, 0.00, 0.00, 1.00, 0.00, 0.00, 0.00
13, 0, 0.400, 0.98, 1, 0.00, 0.00, 0.00, 0.26, 0.22, 1.88, 0.00, 0.00, 1.11, 0.38, 0.00, 0.00, 0.00, 0.00, 0.67, 1.16, 0.00, 0.00, 0.00, 0.00, 0.00, 1.00, 1.00, 0.00, 0.00, 1.00, 0.00, 0.00, 0.00, 0.00, 0.00, 1.00, 0.00, 0.00, 0.00
14, 0, 0.434, 0.98, 1, 0.00, 0.00, 0.00, 0.22, 0.30, 2.01, 0.00, 0.00, 1.12, 0.25, 0.00, 0.00, 0.00, 0.00, 1.05, 1.56, 0.00, 0.00, 0.00, 0.00, 0.00, 1.00, 1.00, 0.00, 0.00, 1.00, 0.00, 0.00, 0.00, 0.00, 0.00, 1.00, 0.00, 0.00, 0.00
15, 0, 0.467, 0.98, 1, 0.00, 0.00, 0.00, 0.09, 0.31, 2.27, 0.00, 0.04, 1.08, 0.22, 0.10, 0.00, 0.00, 0.00, 1.80, 2.02, 0.11, 0.00, 0.00, 0.00, 0.00, 1.00, 1.00, 0.00, 0.00, 1.00, 0.00, 0.00, 0.00, 0.00, 0.00, 1.00, 0.00, 0.00, 0.00
16, 0, 0.501, 0.98, 1, 0.00, 0.00, 0.00, 0.08, 0.26, 2.33, 0.00, 0.19, 1.04, 0.28, 0.28, 0.00, 0.00, 0.00, 2.44, 2.36, 0.50, 0.00, 0.00, 0.00, 0.00, 1.00, 1.00, 0.00, 0.00, 1.00, 0.00, 0.00, 0.00, 0.00, 0.00, 1.00, 1.00, 0.00, 0.00
17, 0, 0.534, 0.98, 1, 0.00, 0.00, 0.00, 0.00, 0.29, 2.18, 0.00, 0.33, 0.98, 0.39, 0.37, 0.00, 0.00, 0.00, 2.92, 2.52, 1.21, 0.00, 0.00, 0.00, 0.00, 1.00, 1.00, 0.00, 0.00, 1.00, 0.00, 0.00, 0.00, 0.00, 0.00, 1.00, 1.00, 0.00, 1.00
18, 0, 0.567, 0.98, 1, 0.00, 0.00, 0.00, 0.00, 0.31, 1.87, 0.00, 0.40, 0.97, 0.56, 0.39, 0.00, 0.00, 0.00, 2.78, 2.45, 1.85, 0.00, 1.00, 0.00, 0.00, 1.00, 1.00, 0.00, 0.00, 1.00, 0.00, 0.00, 0.00, 0.00, 0.00, 1.00, 1.00, 0.00, 1.00
19, 0, 0.601, 0.98, 1, 0.00, 0.00, 0.00, 0.00, 0.34, 1.60, 0.00, 0.37, 0.99, 0.69, 0.37, 0.00, 0.00, 0.00, 2.59, 2.29, 2.03, 0.00, 1.00, 0.00, 0.00, 1.00, 1.00, 0.00, 0.00, 1.00, 1.00, 0.00, 0.00, 0.00, 0.00, 1.00, 1.00, 0.00, 1.00
20, 0, 0.634, 0.98, 1, 0.00, 0.00, 0.00, 0.00, 0.33, 1.64, 0.00, 0.53, 1.08, 0.88, 0.41, 0.00, 0.00, 0.00, 2.52, 2.18, 1.77, 0.00, 1.00, 0.00, 0.00, 1.00, 1.00, 0.00, 0.00, 1.00, 1.00, 0.00, 0.00, 0.00, 0.00, 1.00, 1.00, 0.00, 1.00
21, 0, 0.667, 0.98, 1, 0.00, 0.00, 0.00, 0.00, 0.43, 1.76, 0.00, 0.85, 1.26, 0.98, 0.29, 0.00, 0.00, 0.00, 2.66, 2.25, 1.49, 0.00, 1.00, 0.00, 0.00, 1.00, 1.00, 0.00, 0.00, 1.00, 1.00, 0.00, 0.00, 0.00, 0.00, 1.00, 1.00, 0.00, 1.00
22, 0, 0.701, 0.98, 1, 0.00, 0.00, 0.00, 0.00, 0.62, 2.03, 0.05, 1.23, 1.38, 1.05, 0.25, 0.00, 0.00, 0.00, 2.94, 2.46, 1.34, 0.00, 1.00, 0.00, 0.00, 1.00, 1.00, 0.00, 1.00, 1.00, 1.00, 0.00, 0.00, 0.00, 0.00, 1.00, 1.00, 0.00, 1.00
23, 0, 0.734, 0.98, 1, 0.00, 0.00, 0.00, 0.00, 0.80, 2.09, 0.10, 1.47, 1.54, 1.06, 0.17, 0.00, 0.00, 0.00, 3.19, 2.61, 1.25, 0.00, 1.00, 0.00, 0.00, 1.00, 1.00, 0.00, 1.00, 1.00, 1.00, 0.00, 0.00, 0.00, 0.00, 1.00, 1.00, 0.00, 1.00
24, 0, 0.767, 0.98, 1, 0.06, 0.00, 0.00, 0.00, 0.96, 2.09, 0.20, 1.43, 1.67, 1.14, 0.21, 0.00, 0.00, 0.00, 3.31, 2.42, 1.08, 0.00, 1.00, 0.00, 0.00, 1.00, 1.00, 0.00, 1.00, 1.00, 1.00, 0.00, 0.00, 0.00, 0.00, 1.00, 1.00, 0.00, 1.00
25, 0, 0.801, 0.98, 1, 0.06, 0.00, 0.00, 0.00, 1.09, 1.91, 0.26, 1.44, 1.88, 1.15, 0.18, 0.00, 0.00, 0.00, 3.28, 2.02, 0.89, 0.00, 1.00, 0.00, 0.00, 1.00, 1.00, 0.00, 1.00, 1.00, 1.00, 0.00, 0.00, 0.00, 0.00, 1.00, 1.00, 0.00, 1.00
26, 0, 0.834, 0.98, 1, 0.06, 0.00, 0.00, 0.00, 1.17, 1.94, 0.31, 1.40, 2.08, 1.25, 0.12, 0.00, 0.00, 0.05, 2.75, 1.48, 0.89, 0.00, 0.00, 0.00, 0.00, 1.00, 1.00, 0.00, 1.00, 1.00, 1.00, 0.00, 0.00, 0.00, 0.00, 1.00, 1.00, 0.00, 1.00
27, 0, 0.868, 0.98, 1, 0.00, 0.00, 0.00, 0.00, 1.30, 1.91, 0.33, 1.47, 2.32, 1.32, 0.10, 0.00, 0.00, 0.05, 2.36, 1.14, 0.86, 0.00, 0.00, 0.00, 0.00, 1.00, 1.00, 0.00, 1.00, 1.00, 1.00, 0.00, 0.00, 0.00, 0.00, 1.00, 0.00, 0.00, 1.00
28, 0, 0.901, 0.92, 1, 0.00, 0.00, 0.00, 0.00, 1.50, 2.16, 0.34, 1.48, 2.54, 1.56, 0.19, 0.00, 0.00, 0.05, 2.05, 0.79, 0.77, 0.00, 0.00, 0.00, 0.00, 1.00, 1.00, 0.00, 1.00, 1.00, 1.00, 0.00, 0.00, 0.00, 0.00, 1.00, 0.00, 0.00, 1.00
29, 0, 0.934, 0.98, 1, 0.00, 0.00, 0.00, 0.00, 1.68, 2.05, 0.35, 1.53, 2.73, 1.61, 0.43, 0.00, 0.00, 0.00, 2.43, 0.59, 0.52, 0.00, 0.00, 0.00, 0.00, 1.00, 1.00, 0.00, 1.00, 1.00, 1.00, 0.00, 0.00, 0.00, 0.00, 1.00, 0.00, 0.00, 0.00
30, 0, 0.968, 0.98, 1, 0.00, 0.00, 0.00, 0.00, 1.82, 2.08, 0.34, 1.64, 2.80, 1.68, 0.71, 0.00, 0.00, 0.00, 2.81, 0.47, 0.36, 0.00, 0.00, 0.00, 0.00, 1.00, 1.00, 0.00, 1.00, 1.00, 1.00, 0.00, 0.00, 0.00, 0.00, 1.00, 0.00, 0.00, 0.00
31, 0, 1.001, 0.98, 1, 0.00, 0.00, 0.00, 0.00, 1.85, 2.15, 0.37, 1.65, 2.77, 1.68, 0.78, 0.00, 0.00, 0.00, 3.11, 0.70, 0.32, 0.00, 0.00, 0.00, 0.00, 1.00, 1.00, 0.00, 1.00, 1.00, 1.00, 0.00, 0.00, 0.00, 0.00, 1.00, 0.00, 0.00, 0.00
32, 0, 1.034, 0.98, 1, 0.00, 0.00, 0.00, 0.00, 1.91, 2.30, 0.50, 1.70, 2.74, 1.73, 0.63, 0.00, 0.00, 0.00, 3.26, 0.91, 0.24, 0.00, 0.00, 0.00, 0.00, 1.00, 1.00, 1.00, 1.00, 1.00, 1.00, 0.00, 0.00, 0.00, 0.00, 1.00, 0.00, 0.00, 0.00
33, 0, 1.068, 0.98, 1, 0.00, 0.00, 0.00, 0.00, 1.94, 2.49, 0.59, 1.73, 2.71, 1.72, 0.46, 0.00, 0.00, 0.00, 3.23, 1.00, 0.23, 0.00, 0.00, 0.00, 0.00, 1.00, 1.00, 1.00, 1.00, 1.00, 1.00, 0.00, 0.00, 0.00, 0.00, 1.00, 0.00, 0.00, 0.00
34, 0, 1.101, 0.98, 1, 0.00, 0.00, 0.00, 0.00, 1.98, 2.30, 0.64, 1.75, 2.75, 1.70, 0.40, 0.00, 0.03, 0.00, 3.19, 0.87, 0.24, 0.00, 0.00, 0.00, 0.00, 1.00, 1.00, 1.00, 1.00, 1.00, 1.00, 0.00, 0.00, 0.00, 0.00, 1.00, 0.00, 0.00, 0.00
35, 0, 1.134, 0.98, 1, 0.01, 0.00, 0.00, 0.00, 1.95, 2.20, 0.59, 1.68, 2.80, 1.70, 0.43, 0.00, 0.07, 0.00, 2.83, 0.62, 0.29, 0.00, 0.00, 0.00, 0.00, 1.00, 1.00, 1.00, 1.00, 1.00, 1.00, 0.00, 0.00, 0.00, 0.00, 1.00, 0.00, 0.00, 0.00
36, 0, 1.168, 0.98, 1, 0.03, 0.00, 0.00, 0.00, 1.95, 2.01, 0.55, 1.64, 2.88, 1.71, 0.36, 0.00, 0.10, 0.09, 2.44, 0.35, 0.27, 0.00, 0.00, 0.00, 0.00, 1.00, 1.00, 1.00, 1.00, 1.00, 1.00, 0.00, 0.00, 0.00, 0.00, 1.00, 0.00, 1.00, 0.00
37, 0, 1.201, 0.98, 1, 0.07, 0.00, 0.00, 0.00, 1.88, 1.91, 0.52, 1.62, 2.92, 1.70, 0.30, 0.05, 0.18, 0.27, 2.05, 0.10, 0.21, 0.00, 0.00, 0.00, 0.00, 1.00, 1.00, 1.00, 1.00, 1.00, 1.00, 0.00, 0.00, 0.00, 0.00, 1.00, 0.00, 1.00, 0.00
38, 0, 1.235, 0.98, 1, 0.13, 0.00, 0.00, 0.00, 1.84, 2.04, 0.57, 1.72, 2.89, 1.67, 0.18, 0.08, 0.32, 0.48, 1.78, 0.00, 0.15, 0.00, 0.00, 0.00, 0.00, 1.00, 1.00, 1.00, 1.00, 1.00, 1.00, 0.00, 0.00, 0.00, 0.00, 1.00, 0.00, 1.00, 0.00
39, 0, 1.268, 0.98, 1, 0.27, 0.00, 0.00, 0.00, 1.76, 2.23, 0.58, 1.63, 2.81, 1.62, 0.12, 0.24, 0.58, 0.65, 1.62, 0.00, 0.13, 0.00, 0.00, 0.00, 0.00, 1.00, 1.00, 1.00, 1.00, 1.00, 1.00, 0.00, 0.00, 0.00, 0.00, 1.00, 0.00, 1.00, 0.00
40, 0, 1.301, 0.98, 1, 0.41, 0.00, 0.00, 0.00, 1.75, 2.39, 0.57, 1.58, 2.70, 1.55, 0.00, 0.35, 0.61, 0.73, 1.39, 0.00, 0.10, 0.00, 0.00, 0.00, 0.00, 1.00, 1.00, 1.00, 1.00, 1.00, 1.00, 0.00, 0.00, 0.00, 0.00, 1.00, 0.00, 1.00, 0.00
41, 0, 1.335, 0.98, 1, 0.59, 0.00, 0.00, 0.00, 1.63, 2.18, 0.43, 1.34, 2.57, 1.42, 0.00, 0.57, 0.56, 0.73, 1.24, 0.00, 0.12, 0.00, 0.00, 0.00, 0.00, 1.00, 1.00, 1.00, 1.00, 1.00, 1.00, 0.00, 0.00, 0.00, 0.00, 0.00, 0.00, 1.00, 0.00
42, 0, 1.368, 0.98, 1, 0.71, 0.00, 0.00, 0.00, 1.46, 1.98, 0.32, 1.25, 2.32, 1.32, 0.00, 0.61, 0.40, 0.63, 0.95, 0.08, 0.18, 0.00, 0.00, 0.00, 0.00, 1.00, 1.00, 0.00, 1.00, 1.00, 1.00, 0.00, 0.00, 0.00, 0.00, 0.00, 0.00, 1.00, 0.00
43, 0, 1.401, 0.98, 1, 1.05, 0.10, 0.00, 0.00, 1.18, 1.92, 0.16, 1.04, 2.04, 1.12, 0.00, 0.57, 0.34, 0.45, 0.71, 0.36, 0.63, 0.00, 0.00, 0.00, 0.00, 1.00, 1.00, 0.00, 1.00, 1.00, 1.00, 0.00, 0.00, 0.00, 0.00, 0.00, 0.00, 0.00, 0.00
44, 0, 1.435, 0.98, 1, 1.35, 0.15, 0.00, 0.00, 0.99, 1.51, 0.07, 1.06, 1.82, 0.85, 0.00, 0.38, 0.32, 0.24, 0.38, 0.71, 1.53, 1.00, 0.00, 0.00, 0.00, 1.00, 1.00, 0.00, 0.00, 1.00, 0.00, 1.00, 0.00, 0.00, 1.00, 0.00, 0.00, 0.00, 1.00
45, 0, 1.468, 0.98, 1, 1.70, 0.22, 0.00, 0.00, 0.82, 1.24, 0.00, 0.87, 1.67, 0.77, 0.00, 0.37, 0.33, 0.09, 0.21, 0.90, 2.36, 1.00, 1.00, 0.00, 0.00, 1.00, 1.00, 0.00, 0.00, 1.00, 0.00, 1.00, 1.00, 0.00, 1.00, 0.00, 1.00, 0.00, 1.00
46, 0, 1.502, 0.98, 1, 1.88, 0.24, 0.00, 0.00, 0.72, 1.09, 0.00, 0.72, 1.54, 0.71, 0.00, 0.52, 0.40, 0.15, 0.10, 0.92, 2.57, 1.00, 1.00, 0.00, 0.00, 1.00, 1.00, 0.00, 0.00, 1.00, 0.00, 1.00, 1.00, 0.00, 1.00, 0.00, 1.00, 0.00, 1.00
47, 0, 1.535, 0.98, 1, 2.19, 0.45, 0.00, 0.00, 0.65, 1.52, 0.00, 0.47, 1.36, 0.68, 0.00, 0.60, 0.47, 0.38, 0.06, 0.82, 1.93, 1.00, 1.00, 0.00, 0.00, 1.00, 0.00, 0.00, 0.00, 1.00, 0.00, 1.00, 1.00, 0.00, 1.00, 0.00, 1.00, 0.00, 1.00
48, 0, 1.568, 0.98, 1, 2.31, 0.65, 0.00, 0.00, 0.52, 1.57, 0.00, 0.50, 1.19, 0.49, 0.00, 0.65, 0.39, 0.51, 0.17, 0.78, 1.23, 1.00, 1.00, 0.00, 0.00, 0.00, 0.00, 0.00, 0.00, 1.00, 0.00, 1.00, 1.00, 0.00, 1.00, 0.00, 1.00, 0.00, 1.00
49, 0, 1.602, 0.98, 1, 2.49, 0.97, 0.00, 0.00, 0.40, 1.49, 0.00, 0.61, 1.01, 0.25, 0.00, 0.68, 0.31, 0.44, 0.29, 0.65, 0.82, 1.00, 1.00, 0.00, 0.00, 0.00, 0.00, 0.00, 0.00, 1.00, 0.00, 1.00, 1.00, 0.00, 1.00, 0.00, 1.00, 0.00, 1.00
50, 0, 1.635, 0.98, 1, 2.44, 1.22, 0.00, 0.00, 0.22, 1.37, 0.00, 0.74, 0.85, 0.16, 0.13, 0.70, 0.13, 0.20, 0.53, 0.86, 0.88, 1.00, 1.00, 0.00, 0.00, 0.00, 0.00, 0.00, 0.00, 1.00, 0.00, 1.00, 1.00, 0.00, 1.00, 0.00, 1.00, 0.00, 1.00
51, 0, 1.668, 0.92, 1, 2.54, 1.11, 0.00, 0.00, 0.21, 1.39, 0.00, 0.88, 0.77, 0.24, 0.13, 0.83, 0.08, 0.14, 0.59, 1.33, 1.09, 1.00, 1.00, 0.00, 0.00, 0.00, 1.00, 0.00, 0.00, 1.00, 0.00, 1.00, 1.00, 0.00, 0.00, 0.00, 1.00, 0.00, 1.00
52, 0, 1.702, 0.92, 1, 2.47, 0.85, 0.00, 0.00, 0.18, 1.51, 0.00, 0.95, 0.76, 0.32, 0.13, 1.09, 0.00, 0.18, 0.67, 2.01, 1.26, 1.00, 1.00, 0.00, 0.00, 0.00, 1.00, 0.00, 0.00, 1.00, 0.00, 0.00, 1.00, 0.00, 0.00, 0.00, 1.00, 0.00, 1.00
53, 0, 1.735, 0.92, 1, 2.46, 0.55, 0.00, 0.00, 0.22, 1.57, 0.00, 0.94, 0.86, 0.31, 0.00, 1.39, 0.00, 0.18, 0.90, 2.49, 1.31, 1.00, 1.00, 0.00, 0.00, 0.00, 1.00, 0.00, 0.00, 1.00, 0.00, 0.00, 1.00, 0.00, 0.00, 0.00, 1.00, 0.00, 1.00
54, 0, 1.768, 0.92, 1, 2.35, 0.53, 0.00, 0.00, 0.23, 1.64, 0.00, 0.87, 0.92, 0.31, 0.00, 1.53, 0.00, 0.13, 1.06, 2.67, 1.30, 1.00, 1.00, 0.00, 0.00, 0.00, 1.00, 0.00, 0.00, 1.00, 0.00, 0.00, 1.00, 0.00, 0.00, 0.00, 1.00, 0.00, 1.00
55, 0, 1.802, 0.92, 1, 2.28, 0.49, 0.00, 0.00, 0.27, 1.47, 0.00, 0.78, 0.98, 0.38, 0.00, 1.07, 0.00, 0.03, 1.12, 2.45, 1.31, 1.00, 1.00, 0.00, 0.00, 0.00, 1.00, 0.00, 0.00, 1.00, 0.00, 0.00, 1.00, 0.00, 0.00, 0.00, 1.00, 0.00, 1.00
56, 0, 1.835, 0.92, 1, 2.30, 0.63, 0.00, 0.00, 0.28, 1.53, 0.00, 0.71, 0.99, 0.54, 0.02, 0.61, 0.10, 0.07, 0.66, 1.97, 1.24, 1.00, 1.00, 0.00, 0.00, 0.00, 1.00, 0.00, 0.00, 1.00, 0.00, 0.00, 0.00, 0.00, 0.00, 0.00, 1.00, 0.00, 1.00
57, 0, 1.869, 0.92, 1, 2.40, 0.78, 0.00, 0.02, 0.26, 1.71, 0.00, 0.65, 1.01, 0.45, 0.11, 0.29, 0.15, 0.04, 0.46, 1.57, 1.06, 1.00, 1.00, 0.00, 0.00, 1.00, 1.00, 0.00, 0.00, 1.00, 0.00, 0.00, 0.00, 0.00, 0.00, 0.00, 1.00, 0.00, 1.00
58, 0, 1.902, 0.98, 1, 2.56, 0.89, 0.00, 0.02, 0.22, 1.72, 0.00, 0.67, 1.01, 0.46, 0.34, 0.37, 0.18, 0.04, 0.42, 1.24, 0.90, 1.00, 1.00, 0.00, 0.00, 1.00, 0.00, 0.00, 0.00, 1.00, 0.00, 0.00, 0.00, 0.00, 0.00, 0.00, 1.00, 0.00, 1.00
59, 0, 1.935, 0.98, 1, 2.55, 0.78, 0.00, 0.02, 0.26, 1.47, 0.00, 0.74, 0.99, 0.33, 0.56, 0.40, 0.08, 0.00, 0.75, 1.09, 0.84, 1.00, 1.00, 0.00, 0.00, 1.00, 0.00, 0.00, 0.00, 1.00, 0.00, 1.00, 0.00, 0.00, 0.00, 1.00, 1.00, 0.00, 1.00
60, 0, 1.969, 0.98, 1, 2.47, 0.67, 0.00, 0.00, 0.34, 1.22, 0.00, 0.80, 1.04, 0.52, 0.80, 0.30, 0.14, 0.00, 1.16, 0.97, 0.82, 1.00, 1.00, 0.00, 0.00, 1.00, 0.00, 0.00, 0.00, 1.00, 0.00, 1.00, 0.00, 0.00, 0.00, 1.00, 1.00, 0.00, 1.00
61, 0, 2.002, 0.98, 1, 2.44, 0.72, 0.00, 0.00, 0.46, 1.27, 0.01, 0.77, 1.04, 0.72, 0.83, 0.11, 0.26, 0.00, 1.48, 1.01, 0.80, 1.00, 1.00, 0.00, 0.00, 1.00, 0.00, 0.00, 0.00, 1.00, 0.00, 1.00, 0.00, 0.00, 0.00, 1.00, 1.00, 0.00, 1.00
62, 0, 2.035, 0.98, 1, 2.41, 0.65, 0.00, 0.00, 0.56, 1.47, 0.05, 0.81, 1.10, 0.99, 0.89, 0.12, 0.49, 0.00, 1.69, 0.99, 0.73, 1.00, 1.00, 0.00, 0.00, 1.00, 0.00, 0.00, 0.00, 1.00, 0.00, 1.00, 0.00, 0.00, 0.00, 1.00, 1.00, 0.00, 1.00
63, 0, 2.069, 0.98, 1, 2.45, 0.62, 0.00, 0.00, 0.62, 1.52, 0.05, 0.79, 1.14, 0.97, 0.94, 0.07, 0.56, 0.00, 1.70, 0.88, 0.68, 1.00, 1.00, 0.00, 0.00, 1.00, 0.00, 0.00, 0.00, 1.00, 0.00, 1.00, 0.00, 0.00, 0.00, 1.00, 1.00, 0.00, 1.00
64, 0, 2.102, 0.98, 1, 2.42, 0.58, 0.00, 0.00, 0.63, 1.59, 0.04, 0.82, 1.19, 0.81, 0.99, 0.07, 0.56, 0.00, 1.55, 0.73, 0.59, 1.00, 1.00, 0.00, 0.00, 1.00, 0.00, 0.00, 0.00, 1.00, 0.00, 1.00, 0.00, 0.00, 0.00, 1.00, 1.00, 0.00, 1.00
65, 0, 2.135, 0.98, 1, 2.43, 0.73, 0.00, 0.00, 0.56, 1.49, 0.00, 0.67, 1.24, 0.82, 0.91, 0.17, 0.37, 0.02, 1.05, 0.67, 0.60, 1.00, 1.00, 0.00, 0.00, 1.00, 0.00, 0.00, 0.00, 1.00, 0.00, 1.00, 0.00, 0.00, 0.00, 1.00, 1.00, 1.00, 1.00
66, 0, 2.169, 0.98, 1, 2.38, 0.94, 0.00, 0.00, 0.45, 1.33, 0.00, 0.44, 1.14, 0.79, 0.86, 0.64, 0.25, 0.21, 0.48, 0.43, 0.61, 1.00, 1.00, 0.00, 0.00, 1.00, 0.00, 0.00, 0.00, 1.00, 0.00, 1.00, 0.00, 0.00, 0.00, 0.00, 1.00, 1.00, 1.00
67, 0, 2.202, 0.98, 1, 2.38, 1.05, 0.00, 0.07, 0.26, 1.17, 0.00, 0.19, 1.00, 0.74, 0.95, 1.31, 0.11, 0.50, 0.06, 0.22, 0.58, 1.00, 1.00, 0.00, 0.00, 0.00, 0.00, 0.00, 0.00, 1.00, 0.00, 1.00, 1.00, 0.00, 0.00, 0.00, 0.00, 1.00, 1.00
68, 0, 2.236, 0.98, 1, 2.44, 0.99, 0.00, 0.11, 0.10, 0.99, 0.00, 0.03, 0.80, 0.38, 1.25, 1.80, 0.07, 0.74, 0.00, 0.00, 0.49, 1.00, 1.00, 0.00, 0.00, 0.00, 0.00, 0.00, 0.00, 1.00, 0.00, 1.00, 1.00, 0.00, 1.00, 0.00, 0.00, 1.00, 0.00
69, 0, 2.269, 0.98, 1, 2.43, 0.81, 0.00, 0.11, 0.00, 1.09, 0.00, 0.00, 0.57, 0.13, 1.24, 1.83, 0.01, 0.82, 0.00, 0.00, 0.43, 1.00, 1.00, 0.00, 0.00, 0.00, 0.00, 0.00, 0.00, 1.00, 0.00, 1.00, 1.00, 0.00, 1.00, 0.00, 0.00, 1.00, 0.00
70, 0, 2.302, 0.98, 1, 2.35, 0.54, 0.00, 0.05, 0.00, 1.24, 0.00, 0.00, 0.35, 0.00, 0.94, 1.48, 0.01, 0.70, 0.00, 0.23, 0.42, 1.00, 1.00, 0.00, 0.00, 0.00, 0.00, 0.00, 0.00, 1.00, 0.00, 1.00, 1.00, 0.00, 1.00, 0.00, 0.00, 1.00, 0.00
71, 0, 2.336, 0.98, 1, 2.23, 0.29, 0.00, 0.00, 0.00, 1.59, 0.00, 0.03, 0.13, 0.00, 0.50, 1.23, 0.01, 0.44, 0.12, 1.04, 0.42, 1.00, 1.00, 0.00, 0.00, 0.00, 0.00, 0.00, 0.00, 1.00, 0.00, 1.00, 1.00, 0.00, 1.00, 0.00, 0.00, 1.00, 0.00
72, 0, 2.369, 0.98, 1, 2.11, 0.10, 0.00, 0.00, 0.03, 1.84, 0.00, 0.24, 0.11, 0.00, 0.26, 1.15, 0.00, 0.18, 0.54, 1.96, 0.40, 1.00, 1.00, 0.00, 0.00, 0.00, 1.00, 0.00, 0.00, 1.00, 0.00, 0.00, 1.00, 0.00, 1.00, 1.00, 1.00, 0.00, 0.00
73, 0, 2.402, 0.98, 1, 1.99, 0.01, 0.00, 0.04, 0.13, 1.86, 0.00, 0.52, 0.18, 0.00, 0.33, 1.30, 0.00, 0.00, 1.12, 2.61, 0.32, 1.00, 1.00, 0.00, 0.00, 0.00, 1.00, 0.00, 0.00, 1.00, 0.00, 0.00, 1.00, 0.00, 1.00, 1.00, 1.00, 0.00, 0.00
74, 0, 2.436, 0.98, 1, 1.93, 0.01, 0.00, 0.13, 0.30, 1.85, 0.00, 0.88, 0.29, 0.00, 0.42, 1.43, 0.00, 0.00, 1.43, 2.65, 0.28, 1.00, 1.00, 0.00, 0.00, 1.00, 1.00, 0.00, 0.00, 1.00, 0.00, 0.00, 1.00, 0.00, 0.00, 1.00, 1.00, 0.00, 0.00
75, 0, 2.469, 0.98, 1, 1.86, 0.00, 0.00, 0.15, 0.47, 1.71, 0.12, 1.09, 0.33, 0.04, 0.55, 1.13, 0.00, 0.00, 1.64, 2.32, 0.29, 1.00, 1.00, 0.00, 0.00, 1.00, 1.00, 0.00, 0.00, 1.00, 0.00, 0.00, 1.00, 0.00, 0.00, 1.00, 1.00, 0.00, 0.00
76, 0, 2.503, 0.98, 1, 1.77, 0.00, 0.00, 0.11, 0.57, 1.86, 0.23, 1.10, 0.42, 0.23, 0.67, 0.66, 0.00, 0.00, 1.81, 2.00, 0.34, 1.00, 1.00, 0.00, 0.00, 1.00, 1.00, 0.00, 0.00, 1.00, 0.00, 0.00, 0.00, 0.00, 0.00, 1.00, 1.00, 0.00, 0.00
77, 0, 2.536, 0.98, 1, 1.59, 0.00, 0.00, 0.02, 0.61, 1.87, 0.30, 1.04, 0.51, 0.49, 0.77, 0.16, 0.00, 0.00, 1.89, 1.54, 0.32, 1.00, 1.00, 0.00, 0.00, 1.00, 1.00, 0.00, 0.00, 1.00, 0.00, 1.00, 0.00, 0.00, 0.00, 1.00, 1.00, 0.00, 0.00
78, 0, 2.569, 0.98, 1, 1.50, 0.00, 0.00, 0.00, 0.58, 1.93, 0.18, 0.81, 0.60, 0.79, 0.75, 0.16, 0.02, 0.00, 1.41, 1.34, 0.30, 1.00, 1.00, 0.00, 0.00, 1.00, 1.00, 0.00, 0.00, 1.00, 0.00, 1.00, 0.00, 0.00, 0.00, 1.00, 1.00, 0.00, 0.00
79, 0, 2.603, 0.98, 1, 1.40, 0.00, 0.00, 0.00, 0.56, 1.89, 0.07, 0.74, 0.72, 0.83, 0.62, 0.32, 0.02, 0.00, 0.70, 1.02, 0.17, 1.00, 1.00, 0.00, 0.00, 1.00, 1.00, 0.00, 0.00, 1.00, 0.00, 1.00, 0.00, 0.00, 1.00, 0.00, 1.00, 0.00, 0.00
80, 0, 2.636, 0.98, 1, 1.48, 0.00, 0.00, 0.00, 0.53, 1.95, 0.02, 0.53, 0.81, 0.85, 0.60, 0.37, 0.02, 0.00, 0.20, 0.81, 0.10, 1.00, 1.00, 0.00, 0.00, 1.00, 1.00, 0.00, 0.00, 1.00, 0.00, 1.00, 0.00, 0.00, 1.00, 0.00, 0.00, 1.00, 0.00
81, 0, 2.669, 0.98, 1, 1.49, 0.00, 0.00, 0.03, 0.57, 1.96, 0.02, 0.42, 0.88, 0.82, 0.50, 0.23, 0.00, 0.00, 0.06, 0.68, 0.01, 1.00, 1.00, 0.00, 0.00, 1.00, 1.00, 0.00, 0.00, 1.00, 0.00, 1.00, 0.00, 0.00, 1.00, 0.00, 0.00, 1.00, 0.00
82, 0, 2.703, 0.98, 1, 1.50, 0.00, 0.00, 0.03, 0.60, 2.05, 0.02, 0.31, 0.96, 0.93, 0.39, 0.07, 0.00, 0.00, 0.05, 0.65, 0.04, 1.00, 1.00, 0.00, 0.00, 1.00, 1.00, 0.00, 0.00, 1.00, 0.00, 0.00, 0.00, 0.00, 1.00, 0.00, 0.00, 1.00, 0.00
83, 0, 2.736, 0.98, 1, 1.37, 0.00, 0.00, 0.07, 0.67, 2.15, 0.00, 0.38, 1.04, 0.90, 0.26, 0.00, 0.00, 0.00, 0.03, 0.67, 0.03, 1.00, 1.00, 0.00, 0.00, 1.00, 1.00, 0.00, 0.00, 1.00, 0.00, 0.00, 0.00, 0.00, 1.00, 0.00, 0.00, 1.00, 0.00
84, 0, 2.769, 0.98, 1, 1.26, 0.00, 0.00, 0.04, 0.74, 2.31, 0.03, 0.56, 1.16, 0.97, 0.27, 0.00, 0.00, 0.00, 0.04, 0.65, 0.03, 1.00, 0.00, 0.00, 0.00, 1.00, 1.00, 0.00, 0.00, 1.00, 0.00, 0.00, 0.00, 0.00, 1.00, 0.00, 0.00, 1.00, 0.00
85, 0, 2.803, 0.98, 1, 1.16, 0.00, 0.00, 0.04, 0.89, 2.29, 0.11, 0.65, 1.23, 1.04, 0.22, 0.10, 0.00, 0.00, 0.01, 0.47, 0.00, 0.00, 0.00, 0.00, 0.00, 1.00, 1.00, 0.00, 0.00, 1.00, 0.00, 0.00, 0.00, 0.00, 1.00, 0.00, 0.00, 1.00, 0.00
86, 0, 2.836, 0.98, 1, 0.98, 0.00, 0.00, 0.00, 0.97, 2.34, 0.20, 0.70, 1.29, 1.21, 0.12, 0.20, 0.00, 0.00, 0.01, 0.30, 0.00, 0.00, 0.00, 0.00, 0.00, 1.00, 1.00, 0.00, 0.00, 1.00, 1.00, 0.00, 0.00, 0.00, 1.00, 0.00, 0.00, 0.00, 0.00
87, 0, 2.870, 0.98, 1, 0.85, 0.00, 0.00, 0.00, 1.07, 2.42, 0.23, 0.64, 1.30, 1.13, 0.02, 0.26, 0.00, 0.00, 0.00, 0.06, 0.00, 0.00, 0.00, 0.00, 0.00, 1.00, 1.00, 0.00, 0.00, 1.00, 0.00, 0.00, 0.00, 0.00, 1.00, 0.00, 0.00, 0.00, 0.00
88, 0, 2.903, 0.98, 1, 0.77, 0.00, 0.00, 0.08, 1.09, 2.62, 0.28, 0.66, 1.25, 1.07, 0.00, 0.29, 0.00, 0.00, 0.00, 0.03, 0.00, 0.00, 0.00, 0.00, 0.00, 1.00, 1.00, 0.00, 0.00, 1.00, 1.00, 0.00, 0.00, 0.00, 1.00, 0.00, 0.00, 0.00, 0.00
89, 0, 2.936, 0.98, 1, 0.78, 0.00, 0.00, 0.08, 1.12, 2.69, 0.22, 0.66, 1.19, 0.85, 0.00, 0.41, 0.00, 0.00, 0.00, 0.07, 0.00, 0.00, 0.00, 0.00, 0.00, 1.00, 1.00, 0.00, 0.00, 1.00, 1.00, 0.00, 0.00, 0.00, 1.00, 0.00, 0.00, 0.00, 0.00
90, 0, 2.970, 0.98, 1, 0.72, 0.00, 0.00, 0.08, 1.08, 2.68, 0.16, 0.69, 1.11, 0.89, 0.00, 0.49, 0.00, 0.00, 0.00, 0.27, 0.00, 0.00, 0.00, 0.00, 0.00, 1.00, 1.00, 0.00, 0.00, 1.00, 0.00, 0.00, 0.00, 0.00, 1.00, 0.00, 0.00, 0.00, 0.00
91, 0, 3.003, 0.98, 1, 0.65, 0.00, 0.00, 0.00, 1.02, 2.62, 0.03, 0.60, 1.01, 0.77, 0.00, 0.53, 0.00, 0.00, 0.00, 0.46, 0.00, 0.00, 0.00, 0.00, 0.00, 1.00, 1.00, 0.00, 0.00, 1.00, 0.00, 0.00, 1.00, 0.00, 1.00, 0.00, 0.00, 0.00, 0.00
92, 0, 3.036, 0.98, 1, 0.56, 0.00, 0.00, 0.00, 0.97, 2.57, 0.00, 0.64, 0.98, 0.79, 0.00, 0.56, 0.00, 0.06, 0.00, 0.77, 0.00, 0.00, 0.00, 0.00, 0.00, 1.00, 1.00, 0.00, 0.00, 1.00, 0.00, 0.00, 1.00, 0.00, 1.00, 0.00, 0.00, 0.00, 0.00
93, 0, 3.070, 0.98, 1, 0.47, 0.00, 0.00, 0.01, 0.94, 2.43, 0.00, 0.59, 0.95, 0.59, 0.00, 0.53, 0.00, 0.06, 0.00, 0.99, 0.00, 0.00, 0.00, 0.00, 0.00, 1.00, 1.00, 0.00, 0.00, 1.00, 0.00, 0.00, 1.00, 0.00, 1.00, 0.00, 1.00, 0.00, 0.00
94, 0, 3.103, 0.98, 1, 0.38, 0.00, 0.00, 0.01, 0.98, 2.52, 0.00, 0.65, 1.01, 0.53, 0.00, 0.60, 0.00, 0.06, 0.00, 1.25, 0.00, 0.00, 0.00, 0.00, 0.00, 1.00, 1.00, 0.00, 0.00, 1.00, 0.00, 0.00, 1.00, 0.00, 1.00, 0.00, 1.00, 0.00, 0.00
95, 0, 3.136, 0.98, 1, 0.24, 0.00, 0.00, 0.01, 0.99, 2.51, 0.00, 0.64, 1.06, 0.52, 0.00, 0.60, 0.00, 0.00, 0.00, 1.43, 0.00, 0.00, 0.00, 0.00, 0.00, 1.00, 1.00, 0.00, 0.00, 1.00, 0.00, 0.00, 1.00, 0.00, 1.00, 0.00, 1.00, 0.00, 0.00
96, 0, 3.170, 0.98, 1, 0.15, 0.00, 0.00, 0.00, 1.03, 2.58, 0.00, 0.75, 1.12, 0.60, 0.00, 0.63, 0.00, 0.00, 0.01, 1.58, 0.00, 0.00, 0.00, 0.00, 0.00, 1.00, 1.00, 0.00, 0.00, 1.00, 0.00, 0.00, 1.00, 0.00, 1.00, 0.00, 1.00, 0.00, 0.00
97, 0, 3.203, 0.98, 1, 0.10, 0.00, 0.00, 0.00, 1.05, 2.57, 0.00, 0.86, 1.10, 0.63, 0.00, 0.55, 0.00, 0.00, 0.03, 1.62, 0.00, 0.00, 0.00, 0.00, 0.00, 1.00, 1.00, 0.00, 0.00, 1.00, 0.00, 0.00, 1.00, 0.00, 1.00, 0.00, 1.00, 0.00, 0.00
98, 0, 3.237, 0.98, 1, 0.12, 0.00, 0.00, 0.00, 1.11, 2.57, 0.00, 0.94, 1.09, 0.64, 0.00, 0.44, 0.00, 0.00, 0.15, 1.57, 0.00, 0.00, 0.00, 0.00, 0.00, 1.00, 1.00, 0.00, 0.00, 1.00, 0.00, 0.00, 0.00, 0.00, 1.00, 0.00, 1.00, 0.00, 0.00
99, 0, 3.270, 0.98, 1, 0.12, 0.00, 0.00, 0.00, 1.15, 2.68, 0.00, 0.98, 1.09, 0.61, 0.00, 0.42, 0.00, 0.00, 0.30, 1.44, 0.00, 0.00, 0.00, 0.00, 0.00, 1.00, 1.00, 0.00, 0.00, 1.00, 0.00, 0.00, 0.00, 0.00, 1.00, 0.00, 1.00, 0.00, 0.00
100, 0, 3.303, 0.98, 1, 0.14, 0.00, 0.00, 0.00, 1.17, 2.73, 0.00, 0.99, 1.07, 0.63, 0.00, 0.41, 0.00, 0.00, 0.40, 1.41, 0.00, 0.00, 0.00, 0.00, 0.00, 1.00, 1.00, 0.00, 0.00, 1.00, 0.00, 0.00, 0.00, 0.00, 1.00, 0.00, 1.00, 0.00, 0.00
101, 0, 3.337, 0.98, 1, 0.15, 0.00, 0.00, 0.00, 1.20, 2.84, 0.04, 1.01, 1.04, 0.66, 0.00, 0.28, 0.00, 0.00, 0.51, 1.34, 0.00, 0.00, 0.00, 0.00, 0.00, 1.00, 1.00, 0.00, 0.00, 1.00, 0.00, 0.00, 0.00, 0.00, 1.00, 0.00, 1.00, 0.00, 0.00
102, 0, 3.370, 0.98, 1, 0.18, 0.00, 0.00, 0.07, 1.26, 2.97, 0.08, 1.00, 1.00, 0.76, 0.00, 0.21, 0.00, 0.00, 0.64, 1.29, 0.00, 0.00, 0.00, 0.00, 0.00, 1.00, 1.00, 0.00, 0.00, 1.00, 0.00, 0.00, 0.00, 0.00, 1.00, 0.00, 1.00, 0.00, 0.00
103, 0, 3.403, 0.98, 1, 0.20, 0.00, 0.00, 0.07, 1.30, 2.99, 0.12, 1.08, 1.07, 0.85, 0.11, 0.13, 0.02, 0.00, 0.86, 1.24, 0.00, 0.00, 0.00, 0.00, 0.00, 1.00, 1.00, 0.00, 0.00, 1.00, 0.00, 0.00, 0.00, 0.00, 0.00, 0.00, 1.00, 0.00, 0.00
104, 0, 3.437, 0.98, 1, 0.20, 0.00, 0.00, 0.14, 1.32, 2.96, 0.09, 1.15, 1.09, 0.86, 0.21, 0.32, 0.02, 0.00, 0.94, 1.18, 0.00, 0.00, 0.00, 0.00, 0.00, 1.00, 1.00, 0.00, 0.00, 1.00, 0.00, 0.00, 0.00, 0.00, 0.00, 0.00, 1.00, 0.00, 0.00
105, 0, 3.470, 0.98, 1, 0.14, 0.00, 0.00, 0.08, 1.32, 2.91, 0.05, 1.21, 1.15, 0.94, 0.21, 0.38, 0.18, 0.17, 0.93, 1.14, 0.00, 0.00, 0.00, 0.00, 0.00, 1.00, 1.00, 0.00, 0.00, 1.00, 0.00, 0.00, 0.00, 0.00, 0.00, 0.00, 1.00, 0.00, 0.00
106, 0, 3.504, 0.98, 1, 0.08, 0.00, 0.00, 0.08, 1.35, 2.78, 0.11, 1.26, 1.15, 0.90, 0.21, 0.30, 0.15, 0.17, 0.94, 1.10, 0.00, 0.00, 0.00, 0.00, 0.00, 1.00, 1.00, 0.00, 0.00, 1.00, 0.00, 0.00, 0.00, 0.00, 0.00, 0.00, 1.00, 0.00, 0.00
107, 0, 3.537, 0.98, 1, 0.03, 0.00, 0.00, 0.00, 1.39, 2.80, 0.16, 1.21, 1.21, 1.01, 0.10, 0.19, 0.22, 0.31, 0.91, 1.12, 0.00, 0.00, 0.00, 0.00, 0.00, 1.00, 1.00, 0.00, 0.00, 1.00, 0.00, 0.00, 0.00, 0.00, 0.00, 0.00, 1.00, 0.00, 0.00
108, 0, 3.570, 0.98, 1, 0.03, 0.00, 0.00, 0.00, 1.50, 2.82, 0.25, 1.28, 1.31, 0.98, 0.10, 0.10, 0.12, 0.14, 1.08, 1.12, 0.00, 0.00, 0.00, 0.00, 0.00, 1.00, 1.00, 0.00, 0.00, 1.00, 0.00, 0.00, 0.00, 0.00, 0.00, 0.00, 1.00, 0.00, 0.00
109, 0, 3.604, 0.98, 1, 0.00, 0.00, 0.00, 0.00, 1.56, 2.93, 0.20, 1.30, 1.42, 0.99, 0.00, 0.12, 0.18, 0.14, 1.07, 0.99, 0.00, 0.00, 0.00, 0.00, 0.00, 1.00, 1.00, 0.00, 0.00, 1.00, 0.00, 0.00, 0.00, 0.00, 0.00, 0.00, 1.00, 0.00, 0.00
110, 0, 3.637, 0.98, 1, 0.00, 0.00, 0.00, 0.00, 1.57, 2.93, 0.21, 1.33, 1.53, 0.95, 0.00, 0.04, 0.19, 0.00, 1.16, 0.88, 0.00, 0.00, 0.00, 0.00, 0.00, 1.00, 1.00, 0.00, 0.00, 1.00, 0.00, 0.00, 0.00, 0.00, 0.00, 0.00, 1.00, 0.00, 0.00
111, 0, 3.670, 0.98, 1, 0.00, 0.00, 0.00, 0.00, 1.59, 2.95, 0.19, 1.26, 1.62, 1.02, 0.00, 0.10, 0.19, 0.00, 1.06, 0.79, 0.00, 0.00, 0.00, 0.00, 0.00, 1.00, 1.00, 0.00, 0.00, 1.00, 0.00, 1.00, 0.00, 0.00, 0.00, 0.00, 0.00, 0.00, 0.00
112, 0, 3.704, 0.98, 1, 0.00, 0.00, 0.00, 0.00, 1.59, 3.08, 0.22, 1.20, 1.67, 1.19, 0.01, 0.10, 0.26, 0.00, 1.04, 0.72, 0.00, 0.00, 0.00, 0.00, 0.00, 1.00, 1.00, 0.00, 0.00, 1.00, 0.00, 1.00, 0.00, 1.00, 0.00, 0.00, 0.00, 0.00, 0.00
113, 0, 3.737, 0.98, 1, 0.00, 0.00, 0.00, 0.00, 1.63, 3.13, 0.17, 1.16, 1.74, 1.22, 0.04, 0.25, 0.30, 0.00, 0.99, 0.52, 0.00, 0.00, 0.00, 0.00, 0.00, 1.00, 1.00, 0.00, 0.00, 1.00, 0.00, 1.00, 0.00, 1.00, 0.00, 0.00, 0.00, 0.00, 0.00
114, 0, 3.770, 0.98, 1, 0.00, 0.00, 0.00, 0.00, 1.61, 3.18, 0.12, 1.10, 1.83, 1.19, 0.07, 0.25, 0.29, 0.00, 1.05, 0.34, 0.00, 0.00, 0.00, 0.00, 0.00, 1.00, 1.00, 0.00, 0.00, 1.00, 0.00, 1.00, 0.00, 1.00, 0.00, 0.00, 0.00, 0.00, 0.00
115, 0, 3.804, 0.98, 1, 0.00, 0.00, 0.00, 0.00, 1.60, 2.99, 0.07, 1.05, 1.89, 1.21, 0.06, 0.33, 0.23, 0.00, 0.81, 0.16, 0.00, 0.00, 0.00, 0.00, 0.00, 1.00, 1.00, 0.00, 0.00, 1.00, 1.00, 1.00, 0.00, 1.00, 0.00, 0.00, 0.00, 0.00, 0.00
116, 0, 3.837, 0.98, 1, 0.00, 0.00, 0.00, 0.00, 1.56, 2.85, 0.09, 1.00, 1.93, 1.26, 0.07, 0.28, 0.20, 0.02, 0.52, 0.07, 0.00, 0.00, 0.00, 0.00, 0.00, 1.00, 1.00, 0.00, 0.00, 1.00, 1.00, 1.00, 0.00, 1.00, 0.00, 0.00, 0.00, 0.00, 0.00
117, 0, 3.871, 0.98, 1, 0.00, 0.00, 0.00, 0.00, 1.55, 2.74, 0.07, 1.03, 1.92, 1.29, 0.08, 0.25, 0.15, 0.11, 0.14, 0.00, 0.00, 0.00, 0.00, 0.00, 0.00, 1.00, 1.00, 0.00, 0.00, 1.00, 1.00, 0.00, 1.00, 1.00, 0.00, 0.00, 0.00, 0.00, 0.00
118, 0, 3.904, 0.98, 1, 0.00, 0.00, 0.00, 0.00, 1.55, 2.90, 0.05, 1.03, 1.98, 1.28, 0.08, 0.23, 0.17, 0.24, 0.03, 0.00, 0.00, 0.00, 0.00, 0.00, 0.00, 1.00, 1.00, 0.00, 0.00, 1.00, 1.00, 0.00, 1.00, 1.00, 0.00, 0.00, 0.00, 0.00, 0.00
119, 0, 3.937, 0.98, 1, 0.00, 0.00, 0.00, 0.00, 1.59, 3.05, 0.00, 1.08, 2.04, 1.28, 0.05, 0.30, 0.14, 0.39, 0.03, 0.00, 0.00, 0.00, 0.00, 0.00, 0.00, 1.00, 1.00, 0.00, 0.00, 1.00, 1.00, 0.00, 1.00, 1.00, 0.00, 0.00, 0.00, 0.00, 0.00
120, 0, 3.971, 0.98, 1, 0.00, 0.00, 0.00, 0.00, 1.64, 2.95, 0.00, 1.07, 2.06, 1.36, 0.00, 0.39, 0.21, 0.46, 0.03, 0.00, 0.00, 0.00, 0.00, 0.00, 0.00, 1.00, 1.00, 0.00, 0.00, 1.00, 1.00, 0.00, 1.00, 1.00, 0.00, 0.00, 0.00, 0.00, 0.00
121, 0, 4.004, 0.98, 1, 0.00, 0.00, 0.00, 0.00, 1.72, 2.93, 0.01, 1.17, 2.08, 1.40, 0.00, 0.51, 0.14, 0.60, 0.03, 0.00, 0.30, 0.00, 0.00, 0.00, 0.00, 1.00, 1.00, 0.00, 0.00, 1.00, 1.00, 0.00, 1.00, 1.00, 0.00, 0.00, 0.00, 0.00, 0.00
122, 0, 4.037, 0.98, 1, 0.00, 0.00, 0.00, 0.00, 1.74, 2.81, 0.04, 1.27, 2.11, 1.51, 0.00, 0.48, 0.17, 0.67, 0.00, 0.00, 0.91, 0.00, 0.00, 0.00, 0.00, 1.00, 1.00, 0.00, 1.00, 1.00, 1.00, 0.00, 1.00, 1.00, 0.00, 0.00, 0.00, 0.00, 0.00
123, 0, 4.071, 0.98, 1, 0.00, 0.00, 0.00, 0.00, 1.75, 2.89, 0.04, 1.39, 2.12, 1.47, 0.00, 0.58, 0.12, 0.76, 0.00, 0.00, 1.27, 0.00, 0.00, 0.00, 0.00, 1.00, 1.00, 0.00, 1.00, 1.00, 1.00, 0.00, 1.00, 1.00, 1.00, 0.00, 0.00, 0.00, 0.00
124, 0, 4.104, 0.98, 1, 0.00, 0.00, 0.00, 0.00, 1.73, 2.87, 0.03, 1.40, 2.09, 1.44, 0.00, 0.57, 0.14, 0.71, 0.00, 0.00, 1.02, 0.00, 0.00, 0.00, 0.00, 1.00, 1.00, 0.00, 1.00, 1.00, 1.00, 0.00, 1.00, 0.00, 1.00, 0.00, 0.00, 0.00, 0.00
125, 0, 4.137, 0.98, 1, 0.00, 0.00, 0.00, 0.00, 1.69, 3.19, 0.00, 1.32, 2.04, 1.36, 0.00, 0.70, 0.06, 0.68, 0.00, 0.00, 0.42, 0.00, 0.00, 0.00, 0.00, 1.00, 1.00, 0.00, 1.00, 1.00, 1.00, 0.00, 1.00, 0.00, 1.00, 0.00, 0.00, 0.00, 0.00
126, 0, 4.171, 0.98, 1, 0.00, 0.00, 0.00, 0.00, 1.65, 3.35, 0.00, 1.25, 2.01, 1.38, 0.00, 0.69, 0.07, 0.60, 0.00, 0.00, 0.06, 0.00, 0.00, 0.00, 0.00, 1.00, 1.00, 0.00, 1.00, 1.00, 1.00, 0.00, 1.00, 0.00, 1.00, 0.00, 0.00, 0.00, 0.00
127, 0, 4.204, 0.98, 1, 0.00, 0.00, 0.00, 0.00, 1.57, 3.55, 0.00, 1.19, 2.00, 1.38, 0.03, 0.83, 0.08, 0.52, 0.00, 0.00, 0.00, 0.00, 0.00, 0.00, 0.00, 1.00, 1.00, 0.00, 1.00, 1.00, 1.00, 0.00, 1.00, 0.00, 1.00, 0.00, 0.00, 0.00, 0.00
128, 0, 4.238, 0.98, 1, 0.00, 0.00, 0.00, 0.00, 1.55, 3.40, 0.00, 1.20, 1.99, 1.36, 0.03, 0.96, 0.11, 0.47, 0.00, 0.00, 0.00, 0.00, 0.00, 0.00, 0.00, 1.00, 1.00, 0.00, 1.00, 1.00, 1.00, 1.00, 1.00, 0.00, 1.00, 0.00, 0.00, 0.00, 0.00
129, 0, 4.271, 0.98, 1, 0.00, 0.00, 0.00, 0.00, 1.53, 3.48, 0.00, 1.20, 1.97, 1.38, 0.03, 1.04, 0.07, 0.39, 0.00, 0.00, 0.00, 0.00, 0.00, 0.00, 0.00, 1.00, 1.00, 0.00, 1.00, 1.00, 1.00, 1.00, 1.00, 0.00, 1.00, 0.00, 0.00, 0.00, 0.00
130, 0, 4.304, 0.98, 1, 0.00, 0.00, 0.00, 0.00, 1.48, 3.42, 0.00, 1.24, 1.95, 1.35, 0.00, 1.15, 0.04, 0.37, 0.00, 0.00, 0.00, 0.00, 0.00, 0.00, 0.00, 1.00, 1.00, 0.00, 1.00, 1.00, 1.00, 1.00, 1.00, 0.00, 1.00, 0.00, 0.00, 0.00, 0.00
131, 0, 4.338, 0.98, 1, 0.00, 0.00, 0.00, 0.00, 1.42, 3.47, 0.00, 1.29, 1.95, 1.32, 0.00, 1.07, 0.00, 0.34, 0.04, 0.00, 0.00, 0.00, 0.00, 0.00, 0.00, 1.00, 1.00, 0.00, 1.00, 1.00, 1.00, 1.00, 1.00, 0.00, 1.00, 0.00, 0.00, 0.00, 0.00
132, 0, 4.371, 0.98, 1, 0.00, 0.00, 0.00, 0.00, 1.34, 3.34, 0.00, 1.27, 1.97, 1.20, 0.00, 1.10, 0.00, 0.37, 0.06, 0.00, 0.00, 0.00, 0.00, 0.00, 0.00, 1.00, 1.00, 0.00, 1.00, 1.00, 1.00, 1.00, 1.00, 0.00, 1.00, 0.00, 0.00, 0.00, 0.00
133, 0, 4.404, 0.98, 1, 0.00, 0.00, 0.00, 0.00, 1.32, 3.17, 0.00, 1.28, 1.98, 1.15, 0.00, 0.99, 0.00, 0.37, 0.07, 0.00, 0.00, 0.00, 0.00, 0.00, 0.00, 1.00, 1.00, 0.00, 1.00, 1.00, 1.00, 1.00, 1.00, 0.00, 1.00, 0.00, 0.00, 0.00, 0.00
134, 0, 4.438, 0.98, 1, 0.00, 0.00, 0.00, 0.00, 1.33, 3.07, 0.00, 1.29, 1.98, 1.12, 0.00, 0.99, 0.00, 0.38, 0.04, 0.00, 0.00, 0.00, 0.00, 0.00, 0.00, 1.00, 1.00, 0.00, 1.00, 1.00, 1.00, 0.00, 1.00, 0.00, 1.00, 0.00, 0.00, 0.00, 0.00
135, 0, 4.471, 0.98, 1, 0.00, 0.00, 0.00, 0.00, 1.33, 3.07, 0.00, 1.36, 1.99, 1.18, 0.00, 0.89, 0.00, 0.39, 0.06, 0.00, 0.00, 0.00, 0.00, 0.00, 0.00, 1.00, 1.00, 0.00, 1.00, 1.00, 1.00, 0.00, 1.00, 0.00, 1.00, 0.00, 0.00, 0.00, 0.00
136, 0, 4.505, 0.98, 1, 0.00, 0.00, 0.00, 0.00, 1.35, 3.11, 0.00, 1.31, 1.96, 1.20, 0.00, 0.90, 0.00, 0.39, 0.06, 0.00, 0.00, 0.00, 0.00, 0.00, 0.00, 1.00, 1.00, 0.00, 1.00, 1.00, 1.00, 0.00, 1.00, 0.00, 1.00, 0.00, 0.00, 0.00, 0.00
137, 0, 4.538, 0.98, 1, 0.00, 0.00, 0.00, 0.00, 1.34, 3.09, 0.00, 1.23, 1.93, 1.20, 0.00, 0.92, 0.00, 0.40, 0.07, 0.00, 0.00, 0.00, 0.00, 0.00, 0.00, 1.00, 1.00, 0.00, 1.00, 1.00, 1.00, 0.00, 1.00, 0.00, 1.00, 0.00, 0.00, 0.00, 0.00
138, 0, 4.571, 0.98, 1, 0.00, 0.00, 0.00, 0.00, 1.31, 3.07, 0.00, 1.16, 1.88, 1.22, 0.00, 0.94, 0.00, 0.41, 0.03, 0.00, 0.00, 0.00, 0.00, 0.00, 0.00, 1.00, 1.00, 0.00, 1.00, 1.00, 1.00, 0.00, 1.00, 0.00, 1.00, 0.00, 0.00, 0.00, 0.00
139, 0, 4.605, 0.98, 1, 0.00, 0.00, 0.00, 0.00, 1.31, 3.04, 0.00, 1.16, 1.84, 1.17, 0.00, 1.02, 0.00, 0.43, 0.02, 0.00, 0.00, 0.00, 0.00, 0.00, 0.00, 1.00, 1.00, 0.00, 1.00, 1.00, 1.00, 0.00, 1.00, 0.00, 1.00, 0.00, 0.00, 0.00, 0.00
140, 0, 4.638, 0.98, 1, 0.00, 0.00, 0.00, 0.00, 1.33, 3.16, 0.00, 1.19, 1.85, 1.15, 0.00, 1.03, 0.00, 0.41, 0.02, 0.00, 0.00, 0.00, 0.00, 0.00, 0.00, 1.00, 1.00, 0.00, 1.00, 1.00, 1.00, 0.00, 1.00, 0.00, 1.00, 0.00, 0.00, 0.00, 0.00
141, 0, 4.671, 0.98, 1, 0.00, 0.00, 0.00, 0.00, 1.34, 3.11, 0.00, 1.26, 1.86, 1.03, 0.00, 1.11, 0.00, 0.38, 0.02, 0.00, 0.00, 0.00, 0.00, 0.00, 0.00, 1.00, 1.00, 0.00, 1.00, 1.00, 1.00, 0.00, 1.00, 0.00, 1.00, 0.00, 0.00, 0.00, 0.00
142, 0, 4.705, 0.98, 1, 0.00, 0.00, 0.00, 0.03, 1.30, 3.21, 0.00, 1.25, 1.90, 1.04, 0.00, 1.03, 0.00, 0.34, 0.03, 0.00, 0.00, 0.00, 0.00, 0.00, 0.00, 1.00, 1.00, 0.00, 1.00, 1.00, 1.00, 0.00, 1.00, 0.00, 1.00, 0.00, 0.00, 0.00, 0.00
143, 0, 4.738, 0.98, 1, 0.00, 0.00, 0.00, 0.08, 1.28, 3.12, 0.00, 1.33, 1.89, 1.01, 0.00, 1.02, 0.00, 0.39, 0.03, 0.00, 0.00, 0.00, 0.00, 0.00, 0.00, 1.00, 1.00, 0.00, 1.00, 1.00, 1.00, 0.00, 1.00, 0.00, 1.00, 0.00, 0.00, 0.00, 0.00
144, 0, 4.771, 0.98, 1, 0.00, 0.00, 0.01, 0.08, 1.24, 3.12, 0.00, 1.32, 1.87, 1.01, 0.00, 0.95, 0.00, 0.43, 0.03, 0.00, 0.00, 0.00, 0.00, 0.00, 0.00, 1.00, 1.00, 0.00, 1.00, 1.00, 1.00, 0.00, 1.00, 0.00, 1.00, 0.00, 0.00, 0.00, 0.00
145, 0, 4.805, 0.98, 1, 0.00, 0.00, 0.01, 0.05, 1.26, 3.00, 0.00, 1.32, 1.86, 1.03, 0.00, 1.01, 0.00, 0.49, 0.04, 0.00, 0.00, 0.00, 0.00, 0.00, 0.00, 1.00, 1.00, 0.00, 1.00, 1.00, 1.00, 0.00, 1.00, 0.00, 0.00, 0.00, 0.00, 0.00, 0.00
146, 0, 4.838, 0.98, 1, 0.00, 0.00, 0.00, 0.00, 1.30, 2.94, 0.00, 1.21, 1.84, 1.14, 0.00, 1.12, 0.00, 0.49, 0.08, 0.00, 0.00, 0.00, 0.00, 0.00, 0.00, 1.00, 1.00, 0.00, 1.00, 1.00, 1.00, 0.00, 1.00, 0.00, 1.00, 0.00, 0.00, 0.00, 0.00
